0 0.300851008242 0.310554372123
1 0.213651047867 0.424059815399
2 0.386221186461 0.555709318137
3 0.110146785579 0.517401896777
4 0.372634061343 0.0472776689666
5 0.448061150326 0.0
6 0.532258434211 0.00295322692438
7 0.10326130312 0.373564651924
8 0.44895385077 0.635394329114
9 0.272587392997 0.857997785051
10 0.278220684293 0.0526931217554
11 0.0 0.377322063546
12 0.00673145536929 0.538120528356
13 0.249476621195 0.595850786707
14 0.821556343289 0.800788540472
15 0.409984704224 0.972589790143
16 0.671493402882 0.0243753761598
17 0.0608511590165 0.23737020384
18 0.503326992541 1.0
19 0.45033808317 0.408710921111
20 0.599851125249 0.994374925775
21 0.132340579391 0.144562216472
22 0.870356396748 0.827884336413
23 0.91103077269 0.685084496418
24 0.996658864162 0.480587807766
25 0.981198022625 0.392344027468
26 0.70358955116 0.965133044665
27 0.789552708477 0.581073151347
28 0.625451322135 0.458549948647
29 0.798144463787 0.902555548365
30 0.353052360669 0.751813082032
31 0.730961764339 0.469528440014
32 0.63148929185 0.798408201698
33 0.59070266362 0.738657883008
0 1
0 2
0 3
0 4
0 5
0 6
0 7
0 8
0 10
0 11
0 12
0 13
0 17
0 19
0 21
0 31
1 17
1 2
1 3
1 21
1 19
1 7
1 13
1 30
2 3
2 32
2 7
2 8
2 9
2 27
2 28
2 13
3 7
3 12
3 13
4 10
4 6
5 16
5 10
5 6
6 16
8 32
8 30
8 33
9 33
13 33
14 32
14 33
15 32
15 33
18 32
18 33
19 33
20 32
20 33
22 32
22 33
23 32
23 25
23 27
23 29
23 33
24 25
24 27
24 31
25 31
26 33
26 29
27 33
28 33
28 31
29 32
29 33
30 33
30 32
31 32
31 33
32 33
